image: map.pgm
mode: trinary
resolution: 0.05
origin: [-298.59759521484375, -36.2246208190918, 0.0]
negate: 0
occupied_thresh: 0.65
free_thresh: 0.25
